c = 2.99792458d10		; cm/s


G = 6.67259d-8			; cm^3/g/s^2



minute = 60.0			; s
hour = 60.0*minute		; s
day = 24.0*hour			; s
year = 365.242199*day		; s

km = 1.0d5			; cm
AU = 1.496d13			; cm
pc = 3.086e18			; cm
ly = c*year			; cm
kpc = 1e3*pc		; cm
mpc = 1e6*pc		; cm

r_earth = 637810000.d		; cm
m_earth = 5.9742d27		; g

r_solar = 69550000000.d		; cm
m_solar = 1.98892d33		; g

r_sun = r_solar
m_sun = m_solar